-0.959971 0.018089 -0.278264 0.0264054 -2.64518 0.118165 1.08839 2770.03 1536 1024 -0.000411827
-0.983016 -0.0125901 0.182931 -0.00762161 1.89511 0.0362945 0.159439 2753.18 1536 1024 0.000124841
-0.942893 0.0340251 -0.330472 0.0241425 -3.21234 0.151201 1.65188 2773.77 1536 1024 -0.000332327
-0.996248 -0.0063643 0.0862171 -0.00404387 0.948735 0.0149779 0.00169187 2757.75 1536 1024 0.000594867
-1 0 0 0 0 0 0 2758.13 1536 1024 0.000618953
-0.947071 -0.00884611 0.320826 -0.00705476 2.88563 0.0455622 0.865432 2752.63 1536 1024 -0.000234146
-0.982036 0.0205692 -0.187417 0.0075839 -1.86535 0.0206848 0.589726 2769.34 1536 1024 0.000188212
-0.915022 0.0231167 -0.401679 0.0292449 -3.79662 0.184896 2.32013 2777.9 1536 1024 -0.00128741
-0.91216 -0.000492513 0.409711 -0.010072 3.5138 0.0621465 1.41937 2749.92 1536 1024 -6.86992e-05
-0.863221 0.00850597 0.504554 -0.0142432 3.99831 0.0839598 2.06932 2748.2 1536 1024 -0.00109161
-0.995139 0.00126027 -0.0984547 0.00165531 -0.979388 -0.00709359 0.201864 2764.36 1536 1024 0.000376238
